0 1.990000 
1 2.390000 
2 4.690000 
3 2.190000 
4 1.590000 
5 3.890000 
6 1.990000 
7 0.990000 
8 0.990000 
9 0.990000 
10 1.990000 
11 1.790000 
12 4.990000 
13 4.990000 
14 5.990000 
15 5.990000 
16 5.990000 
17 5.990000 
18 5.990000 
19 5.990000 
20 0.990000 
21 0.990000 
22 0.990000 
23 0.990000 
24 0.990000 
25 0.990000 
26 0.990000 
27 3.490000 
28 3.490000 
29 6.890000 
30 6.890000 
31 6.890000 
32 6.890000 
33 6.890000 
34 6.890000 
35 6.890000 
36 1.190000 
37 1.190000 
38 1.190000 
39 1.090000 
40 1.090000 
41 1.190000 
42 1.090000 
43 5.990000 
44 5.990000 
45 5.990000 
46 5.990000 
47 5.990000 
48 10.190000 
49 10.190000 
50 10.190000 
51 10.190000 
52 5.290000 
53 5.290000 
54 5.290000 
55 5.290000 
56 5.290000 
57 5.290000 
58 5.290000 
59 5.290000 
60 0.690000 
61 0.690000 
62 6.590000 
63 4.990000 
64 2.750000 
65 2.750000 
66 2.750000 
67 2.750000 
68 3.500000 
69 3.990000 
70 2.490000 
71 1.750000 
72 1.950000 
73 0.990000 
74 1.950000 
75 1.250000 
76 1.990000 
77 1.990000 
78 4.950000 
79 3.500000 
80 3.000000 
81 1.690000 
82 2.990000 
83 1.590000 
84 5.950000 
85 1.500000 
86 1.250000 
87 1.390000 
88 0.990000 
89 0.990000 
90 1.690000 
91 0.990000 
92 0.990000 
93 0.990000 
94 0.990000 
95 3.500000 
96 3.950000 
97 1.590000 
98 4.950000 
99 5.950000 
